Rapport Credit App Number
6233
8084
9156
10719
6615
6739
5292
7852
9914
10394
10051
5783
7212
8682
11810
6981
10310
5011
7028
7983
8891
6918
5164
10693
10865
10988
10168
7179
9411
12299
6489
7826
8830
9474
11220
10761
1029
10990
11019
7397
7424
9968
11297
5138
11809
5449
7041
2195
9487
10424
10162
4134
4135
6659
8534
8536
8960
9216
9327
3680
10002
8792
9526
5394
10042
9002
11854
5502
5503
6191
6338
7139
9607
11029
12129
10078
10464
11975
4860
4862
4865
4868
4869
4871
5968
6029
6031
7959
8623
11093
8495
7059
4017
11348
8779
11568
5007
12323
8757
9337
3518
10420
11157
9621
11631
9888
9279
11309


971
11969
10799
8350
6140
5841
9556
11006
10660
9975
7432
8414
8631
8685
11339
10626
7095
2977

11403
8774
8698
8700

11571
11574
11985
7114
8494
8504
8505
8734
8802
9023
620
1338
7201
10428
1707
1713
10206
8671
12108
11329
9772
3024

11217
8116
10103
10419
10881
10991
11075
11131
11300
11324
11450
11792
11880
11902
12165
4792
6240
6510
6698
6761
6886
7129
7219
7274
7774
7833
7934
8054
8619
8668
9089
9193
9390
9391
9404
9406

10184
8952
10171
9551
8063
8613
10812
11690
11989
9280
12432
4954
5222
5471
7378
8348
8408
9087
9032
4835
4697
8295
7919
8247

12038
9269
9274
9275
9420
9805
9807

11654
10663
12074
12491
10339
8899
12043
5637
11640
8122
10263
12442
2582
4901
9348

6329
6336
6451
11580
12123
2206
2601
4944
7967
6978
10346
1206
11591
12245
7888
8784
9481
9932
11291
7884
11052
12240
10204
2902
6309
6310
6311
6312
7295
8089
8853
8854
9195
3946
6825
6837
8844
3907
12172
7108
10259
10261

6430
11295
11864
2845
2861
3182
7989
9429
10462
10806
10820
10821
11422
11688
6878
6880

5035
8580
8622
10718
6613
8114
10332
1084
8758
9188
9856
11799
8463
8964
9595
4016
7905
11997
8219
8720
8745
9005
9966
8254
5901
6411
4048
7452
8252
9336
720
12418

10655
6753
10331
9226
5995
6154
6155
7127
4559
8816
8999
11235
8039
6727
7379
9669
10234
11153
11154
3312
7166
11481
7731
7902
8612
8614
9513
12410
11996
11507
10401
10617
10786
10946
10949
10950
10951
10953
11172
11173
9622
9670
9696
9734
5985
7017
11616
9075
9170
9320
9550
9957
10368
9499

6488
7430
6576
9953
5887
7137
11091
9753
10571
8160
11605
6460
7493
9700
6759
6549
8448
4733
5342
10445
6872
6875
7759
8001
8069
8364
6828
8639
10658
4661
5086
8341
11137
1094
4211
6529
8998
12314
415
6713
10649
11442
12027
12124
6925
7419
7896
10831
10982
11421
6758
8446
8146
9736
5838
5850
6000
6716
9871
10846
8559
9946
7383
7663
11286
5339
5347
5793
6001
7342
11035
10850
10851
11505
6609
6610
7082
7084
7461
12140
2851
198
6752
12288
2872
3474
10668
6540
9112
9209
11380
2336
12227
9081
9625
8954
4303
7124
6772
7235
9378
6473
10684
7439
8737
7545
10828
9963
7611
7656
8464
8836
6463
8151
3755
12150
5457
12142
8163
9184
6551
9585
9610
11439
11275
11760
9583
8604
4633
11346
12013
12015
12419
9641
12249
10966
12195
5994
4378
4379
9891
4958
4959
11394
4859
6589
5952
6130
8191
4884
10754
4071
12219
6474
6805
6682
8309
4174
6053
2328
2487
2566
3240
3323
3789
10720
12266
9510
11213
11984
9407
8298
9384
6870
10422
11053
10987
1817
2537
7570
7573
6378
8696
7632
11144
10160
8479
8484
8486
7104
7146
8480
8487
8185
7409
2067

3821
6019
11124
7872
6977
11039
11065
9983
6731
6731
8294
12454
12268
8556
3971


6638




10080
10166
10167
10183
10233
1025
10338
10374
10386
10393
10413
10415
10421
10431
10432
10438
10460
10483
10488
10517
10522
10554
10559
10563
10566
10569
10570
10574
10575
10593
10594
10627
10641
10665
10690
10694
10804
10859
10882
10888
10905
10912
10917
10942
11016
11042
11088
11146
11152
11231
11343
11357
11359
11360
11367
11383
11398
11401
11418
11425
11540
11550
11564
11595
11609
11641
11681
11686
11698
11745
11798
11802
11819
11820
11830
11835
11848
11849
11857
11897
11922
11923
11924
11925
11926
11927
11928
11943
11961
11964
12050
12063
12075
12083
12089
12090
12091
12127
12176
12213
12214
12264
12267
12269
12345
12444
12493
1482
3730
3734
3945
3961
4851
4990
4994
5038
5130
5203
5646
5698
5796
5834
5847
6022
6027
6170
6198
6281
6284
6297
6299
6381
6385
6386
6387
6396
6412
6467
6633
6800
6965
7027
7031
7134
7148
7160
7171
7293
7360
7388
7404
7411
7543
7559
7560
7561
7585
7593
7600
7602
7605
7849
8093
8129
8150
8170
8206
8211
8302
8376
8417
8421
8453
8542
8547
8562
8571
8574
8575
8596
8645
8646
8647
8649
8650
8651
8652
8653
8658
8659
8660
8661
8662
8679
8680
8681
8683
8688
8693
8755
8778
8917
8966
9038
9051
9084
9111
9122
915
9228
9236
9304
9376
9444
9445
9447
9448
9449
9451
9452
9472
9491
952
9530
9540
9542
9560
9597
9608
9614
9645
9672
9685
9757
9798
9799
9969
9972
9976
9977
10425
10542
11687
4803
12217
9153
9762
6780

12326
8926
6808
8875
3750
10055
4234
4728
7306
7592
7966
3052
4888
7474
1441
7476
5432
9945
11957
9068
4281
7794
11650
11393
11459
8940
7827
12277
7071
9077
11789
11791
12039
4739
5090
9020
12359
9410
8601
8601
9442
10180
10874
10878
9101
9152
10960
11569
4194
4197
11486
8617
10629
9671
9979
10196
11353
5955
10515
10695
11223
5680
11468
6258
9062
11610
409
12413
11498
9679
9643
11707
8431
10485
10896
1793
1794
1795
10907
8980
8712
4808
4744
9425
9413
11941
11978
11980
6260
6262
6650
6651
6666
10097
7141
11467
4503
11638
7616
8227
7130
7916
9265
11593
11972
8516
11067
11642
8145
9142
11101
11623
10469
1595
9694
12241
11600
11273
9103
10471
9352
2700
4852
11031
11140
12184
12185
12187
12188
12191
12192
12193
12194
12197
12199
7913
9049
9571
9380
6502
6703
5495
7556
11378
951
5040
6397
9054
8508
8584
8636
9665
9537
7697
5148
9124
10258
12209
5247
11744
10555
11551
5674
7413
11514
12250
6291
6466


6253
8633
10770
10707
12398
10771
2876
2878
10177
6959
9519
6519
6672
7429
9333
4092
11285

7551
9750
5915
6961
4450
5375
12085
11804
10767
8759
10245
11966
8821
4412
11628
5106
7631
7784
7089
7285
11155
7743
4212
12177
12224
6067
8200
8828

11342
11388
9174
7243
7654
10506
8920
9566
7035
7402
8087
9314
11284
4266
4051
7425


10402
10403
6521
6564
7952
10343
12211
5681
9652
9653
9741
3039
5362
9202
12017
12014
11656
4980
11552
11692
6076
7043
7466
4812
572
7398
2662
7438
7438
8128
12058
7614
9003
9187
9573
9518
9323
11264
5924
11515
8109
10648
11772
3670
6383
10098
11556
4967
8383
8788
8833
4974
10112
9191
5146
11237
10114
4955
8390
10612
7665
10622
6814
1356
9230
11457
3175
9183
10423
10899
3050
11601
11034
6266
6859
5237
5980
9436
4578
8578
10981

7278
5143
8968
9328
6764
5076
7433
9294
11447
10692
7996
6443
6528
8949
6867
6868
2949
11706
7819
8829

3943
4035
4573
5085
3049
3263
4782
9712
9257
8156
8292
8442
4743
8492
11478
11516
12216
3835
5525
8655
9284
10498
10499
6736
9443
9066
10164
7448
8586
8586
8175
9787
11350
11753
449
8048
7753
10140
9296
9366
7953
7956
1552
8201
12336
11494
10344
9367
10796
9854
10214
10215
10217
10218
10348
10474
11192
12149
6862
7502
7517
8367
8812
6866
10852
7460
9950
9954
9955
8753
9039
8878
4323
4549
4746
5122
3113
3846
12028
11651
10901
9591
6853
11670
9830
10832
6892
9453
10723
11317
10325
11200
9970
9971
11410
10623
9365
11911
6541
8786
10887
11374
6476
6811
7168
11212
8118
10387
11910
5239
9910
7225
7225
3402
9707
9682
11055
11238
10251
8602
11043
7329
8932
9881
11994
12452
8988

969
7358
10779
1778
5808
10898
11147
7198
10520
10457
1628
11076
10414
8522
8524
10813
8409
9907
5755
11759
10568
11597
6770
10502
10382
3089
2383
4536
8527
9922
10857
7312
7426
8312
11821
8610
8611
9052
11763
6477
1806
6769
6796
9017
9256
9344
9486
9488
9014
9015
9016
9249
6314
11714
11719
11473
9754
3830
3830
8703
11335
11356
9458
8062
8264
1887
10366
11334
9060
9405
2381
9000
4426
7376
10267
8018
8419
9393
8300
9869
5820
7228
11233
7405
8923
2628
9147
10000
6144
6524
4284
3277
7260
11694
1776
2068
4289
6020
7891
7892
8356
10669

10923
10986
11646
5934
10125
10416
8184
11008
11193
4634
10106
10351
11625
6211
7165
10686
8195
9532
9667
6447
8582
8739
5616
4913
8532
10607
8031
7406
7504
7518
7520
6322
10999
5918
6056
8810
10735
11588
6493
9485
10968
7247
12136
10873
9012
11557
11558
11560
11562
11903
12131
11026
11764
11859
2329
4696
2567
3858
8403
10531
6098
12231
9207
11251
6797
10537
11572
9504
988
11405
8870
9872
4693
11723
112
5343
10863
11057
11070
12311
5246
10794
6004
10003
8199
12222
12362
9144
12462
9355
7390
3684
3699
6749
6751
8035
3683
6044
6596
6750
7163
3520
7977
7978
8278
10389
10633
11842
12315
2999
3922
4230
6026
6303
7105
10349
11338
5228
8950
6930
7023
7580
6497
10241
11216
12138
12179
9586
7475
7475
7979
5739
10202
7957
8047
7164
9675
9676
10161
9185
10829
4344
11472
11850
11004
7218
7239
10481
12516
5769
7608
1663
8987
9501
10500
7968
11695
8742
8890
2704
5072
7396
8717
5020
6890


642
12325
10475
9482
10620
34
9790
3754
3898
8670
10650
2516
2517
2520
2522
7928
11877
5372

10973
11215
6807
5747
6195
10060
12163
2761
6298
10920
10921
10074
11175
11680
762
7985
7992
7304
11011
11071
8164
3672
6786
6904
9626
9880
11302
11801
6254
9151
10381
9293
9509
10101
10614
11046
11163
11228
11404
11483
11547
11667
12386
4351
7145
7747
7813
8459
8462
9627
9710
9884
2043
2792
11166
11407
9097
9431
10155
10512
11068
12024
10334
6935
10533
2056
11198
2251
8343
491
8085
8235
8520
12200
12202
12203
12205
5721
3844
7814
7337
9168
3138
8850
7588
10126
10519
8404
9960
1754
420
5000
5873
928
9527
9528
11470
11471
11738
8814
7576
6096
4799
2947
9561
10172
10223
7909
8147
5871
9072
1271
2863
5131
6799
6802
7375
10496
8769
7380
11655
11771
8699
9592
12190
10683
9120
9121
10688
12257
9857

11495
11257
7223
7223
10682
9644
6700
5337
8815
6873
7566
1863
10817
12302
3624
7492
10714
6854
4318
8104
6017
7111
5996
11368
10300
3810
7729
10054
7628
10768
8154
9476
11158
11612
4222
4252
4306
8037
10547
11072
11703
6227
8943

1575
6070
6699
7961
9633
11092
6147
10712
11878
10580
11270
5919
2313
2316
2318
11705
3610
6118
6663
10345
5108
9980
10478
11256
8133
10482
4492
5481
8548
11546
5212
7803
8064
10354
10635
11661
11611
11323
7853
5311
9755
7885
10341
11518
11533
11581
11583
11587
11589
11932
12026
6203
6766
7470
7472
7982
9194
9199
11519
11520
11534
6114
4904
6117
7537
10210
8095
7679
10189
11089
8798
3009
3229
7659
7443
7974
7374
6126
5197
9515
9590
7392
12322
9511

4322
5369
11427
11553
10470
5888
7599
8704
8599
11476
11979
10044
10132
10409
10711
11241
11375
11444
12173
12305
4102
4152
5368
6033
6047
6048
6057
6128
8249
8370
8407
8537
8581
8825
8838
8894
9074
9150
9205
9244
9455
9579
9582
9661
9663
9731
9855
9870
6292
8791
2736
5293
6593
10045
10472
8904
8907
8922
9177
9494
10141
10848
1821
2378
6743
7357
6436
6567
11506
2753
5241
6900
8058
11054
7024
4710
7477
11364
6261
10347
9618
10384
3893
11100
11178
4168
5422
10301
11992
6871
7908


5045
9264
11710
8806
7265
10713
1111
6768
12252
2117
11090
9599

5141
8230
9657
10309
12208
6795
11991
7115
7428
10578
8261
2273
12033
10158
10979
9578
3177
6024
6025
8632
10869
11586
11614
11866
7138
7495
9240
11143
6500
8019
10088
10199
11582
11689
11963
11987
3003
3449
4388
4420
5101
6879
8690
8751
8768
9351
9576
10118
10120
434
6781
6874
11894
4527
8112
6990
11921
5949
6852
1272
7256
11415
9516
8789
8790
10961
11931
12342
12324
9913
8931
10487
8994
9902
10283
10737
7286
7554
10868

7410
7412
7741
11061
3874
6908
8198
10927
8565
9318
9565
7651
8308
9368

7931
9246
11852
12339
9940
6580
7785
11299
12143
12146
8079
7745
3514
3514
4956
6655
9874
2202

10216
12279
10178
12077
10121
11634
9852
8033
9495
8439
11893
7092
9524
11461
6305
12057
12060
6631
9116
7047
8892
8925
9402
6302
7850
11219
6851
9069
9061
9178
6362
8796
8799
11970
6919
6920
9235
5359
9409
7080
11709
7851
6220
6742
5410
6762
4176
4177
8155
3815
7305
11191
12276
1642
1643
1645
1648
8429
9071
9545
7242
7022
9229
7882
3165
5348
5350
5353
7856
8126
8707
10274
11675
5566
11679
6917
4876
11469
11508
4631
8240
8241
11708

1886
4613
10773
4355
4525
7528
1358
5305
6642

11946
10977
7349
1137
11895
9237
2825
10661
8304
11379
12122
10364
11559
7899
2301
10556
3248
6398
6779
6822
8608
11177
11161
9613
10805
8629

10333
10750
7918
9063
6952

6438
9278
7871
11002
3631
79
8234
8396
6374
2281
9090
11149
3679
3681
8384
8959
9157
11952
7547
11501
7522
3623
3674
9939
10638
11110
8858
9203
6782
6783
5236
5742
3193
3342
11103
6073
6910
11176
11416
10918
6788
8334
6370
6373
6660
1606
1607
11958
9312
6923
9105
11296
6882
6885
9164
7760
11064
11066

8345
8732
10807
10843
7338
9457
11254
2891
4574
7032
2173
4894
12243
12463

12
6578
9584
6777
10468
5475
5476
8467
9473
5317
9047
8490
9986
6891
12246
5125
9544
10975
10976
11831
3053
5567

12095
280
4900
8242
9640
8962
9392
8621
9562








169
687
11976
12439
10287
11823
11824
12006
11142
9987
10350
11947
10179
4020
4022
6354
6354
3666
3673
5930
5960
1845
7723
10628
10636
11316
11094
8042
8579
11248
7195
7196
6787
9252
10631
11059
11435

11020
5828
5832
10974
10169
10915
10929
10930
1075
1077
2951
3086
5323
5675
5848
4231
7415
10536
12147
5491
11337
8569
10107
8724
9680

11063
6594
11490
8944
11044
12340
10205
10392
10642
10811
11252
11255
11259
11261
11288
1328
5155
12139
12107
10069
10632
7804
7946
10576
12221
4928
7912
11620
6572
10048
11542
10123
11905
5520
6392
9125


2317
2320
11630
10965
11381
8841
8471
7377
7981
8730
6962
10866
11884
8394
9534
4971
7053
8748
8928
8620
11484
8905
11673
10057
3805
10734
11395
10947
11697
9008
4745
8386
9725
8111
8096
6137
8884
6072
3849
8297
8837
9095
7716
6102
4674
4676
9263
7149
9989
5099
5553
12020
12021
12045
5151
10972
1908
11812
9341
11990
10443
11312
2148
2151
4392
10377
9359
9388
6082
6084
8192
5185
11243
10146
5892
6085
6090
7513
8244
9118
6077
6078
6079
6081
6667
7579
7579
7595
7595
7596
7596
7603
7603
11437
6763
7558
12310
2579
2580
2778
2827
9343
6356
8794
11224
11332
11333
11554
10181
10451
10791
10833
10902
10932
10933
11077
11078
11290
2858
3268
4465
5105
5204
5613
5763
9155
9332
9369
9417
9603
7106
6817
9001
9386
11527
10935
10940
11205
4618
6007
6929
8461
11369
9422
9432
9865
8538
8883
6732
9844
10667
10906
12318
9034
9801
3278
6405
9440
6652
7816
11069
6579
2575
9905
12161
11037
11038
11973
8517
12524
10717
6371
8973
8544
7051
7056
7113
7549
5823
10608
9822
7456
7754
9396
6041
11860
1983
1985
2193
2724
2750
4683
4747
7076
7216
7221
7538
7540
7727
9677
10774
10708
11915
10756
2418
11863
7075
11867
12367
12198
12365
7802
11541
11865
10983
11185
6548
8468
7081
10458
11622
9489
4832
5033
7250
11272
7887
7791
8173
9441
7026

11731
6361
10513
9313
8067
7800
7801
8090
6375
7943
10709
9912
10573
10730
7889
9201
9222
11247
11790
11995
9794
10459
10978
12272
8333
9642
10289
2754
2755
4796
9818
9831
9920
11624
11627
11279
8669
11683
7271
10133
10134
10769
6662
6668
6669
6674
6677
6679
6680
6681
6684
6685
6687
6689
6691
6692
6693
6695
6696
6785
6821
6830
6845
6848
6969
6973
6974
6976
6979
6982
6984
6985
6989
6991
7003
7048
7049
7185
7186
7187
7325
7407
7408
7440
7500
7505
7508
7704
7715
7775
7854
7859
7867
8275
8284
8299
8313
8340
8397
8398
8523
8545
8549
8727
8728
8902
8903
9082
9350
9514
9624
8239
8518
9639
4441
5792
7355
8919
10429
11643
10643
12327
11983
2730
2732
6250
6330
7356
10867
8075
8625
8877
8420
9115
9611
8958
11539
2158
2160
4246
6455
8588
7133
8253
9779
9776
9781
6441
6927
6831
8831
11942
3065
7058
10082
10919
10924
8233
5068
11030
12273
1402
1406
1559
5902
7467
5686
3156
3271
2218
7050
7112
7846
1027
3294
9238
5084
7720
8677
9241
9802
11876
7061
6065
6066
8879
11768
11954
4167
5258
6824
5194
5195
6639
8353
12164
9281
11784
11965
2671
9890
10360
6856
7915
8229
10589
5706
6222
6270
3771
2899
2938
4467
4472
4499
4774
5220
8481
8488
8491
8493
8499
8630
8955
9285
9286
10102
10511
11036
11371
11938
12029
12031
12032
12098
12115
12135
12181
12423
12424
12461
2643
2667
3506
3507
3508
3513
3517
4374
4396
5821
5843
6582
6583
6707
6708
6709
6710
8465
8473
9055
9730
5987
10352
10891
11033
9021
9638
10616
12065
8583
9288
11677
6988
7283
6898
9656
11341
11465
8676
8684
11853
11855
4260
5839
9189
12019
6757
12052
9541
10880
8971
6139
11658
11896
6171
2200
3876
11303
11659
4605
5971
7351
8749
9498
10005
10879
11355
11362
4336
4337
4338
4339
4341
4915
4917
4918
4919
4921
4930
7674
7675
7944
7949
9687
9688
10142
9389
9412
9849
11834
10931
9088
1682
10473
6968
6492
11668
6647
8314
10185
10187
10190
10191
10192
10193
10194
10197
10198
7267
5248
7878
11504


12001
8849
9403
11489
11491
9632
9634
10503
6999
8025
10430
10446
6726
9271
8266
10751
11466
5897
11779
10705
6921
10465
11462
12180
4137
5051
8281
8315
11871
7230
11930
6174
10213
12387

10816
11116
12099
8347
9631



128
8642
10147
12096
7339
9648
2082
3154
11432
11351
11869
11913
10075

10910
6505
8327
9276
9588

11626
3393
3437
10477
12467
12468
12469
12470
12471
12472
12473
12475
12478
2398

10815
10849
8020
8023
8024
8028
8030
8032
11613
11615
11890
10138
10303
12239
8204
10220
10249
10262
11330
4366
4878
8045
7202
6858
7719
8752
9006
9149
9196
10254
7194
8985
9282
6602
10247
8214
8445
8615
8976
9740
1351
1389
1411
2075
2125
3183
5541
6366
7386
739
746
3463
3493
10656
11081
11204
6212
6448
6733
8152
8482
8483
9224
9549
11837
11811
10083
10084
10085
10086
10087
8515
8785
9752
7993
8332
9915
2533
6591
10124
10243
10279
10290
10484
10489
10538
10778
10780
10781
10948
11136
11266
11318
11523
11532
11882
11986
12049
4122
4131
4332
4399
4585
4838
4993
5173
5501
5812
5822
5877
5878
6177
6360
6384
7052
7099
7107
7226
7298
7524
7863
8077
8432
8447
8564
8666
8938
9127
9129
9234
9375
9382
9433
9463
9548
9598
9778
9786
9937
9948
11195
11202
11236
11260
11693
12292
3886
11027
9259
8889
10450
9316
10558
9742
9942
11713
11786
7926
12306
5513
10937
8456
10281
9347
9744
7810
5658
5196
10913
11151
5767

8915
10600
2338
2379
2442
3297
3773
6678
6706
7490
9024
12313
10340
1528
10560
6532
6767
8246
10110
11458
8034
8826
8827

4004
4005
4013
5466
11492
11171
9887
6612
9876
9267
12377
9853
5063
6143
6617
8259
10433
7366
8344
10108
10109
11988
6332
9040
11955
11365
11825
1709
2261
9479
2503
3208
5564
11181
4470
8716
8007
12035
8641
8686
7354
11671
9702
11320
4638
6902
6531
10052
10651
10698
11875
9773
5969
6712
5186
5193
5272
5578
8965
942
4719
11712
3653
4026
5169
5710
8761
1267
10159
2545
11497
11510
2170
8220
9619
5321
11743
12196
10540
12220
6506
6509
6603
7335
7336
7479
10034
10581
10939
11780
4310
4312
4313
4314
4551
4552
4553
4554
5533
5534
8956
10408
11354
5110
12048
7468
7673
7681
7796
11234
6230
10456
5217
8502
6847
6055
6760
10315
7125
4109
9135


8498
8913
10938
10943
12453
7527
10763
11250
9424
3791
5077
6773
12030
10653
11012
11014
11015
11138
11576
4601
4671
4708
4709
4753
5094
5363
5364
1739
11773
11305
6486
9317
10200
9007
9408
